0,273
0,270
3,2
3,1
3,3
10,255
10,85
10,237
10,82
10,185
10,177
9,4
9,6
8,5
8,10
8,18
8,2
8,3
2,2
2,1
2,3
54,5
54,4
54,3
54,2
54,1
54,0
48,4
48,3
48,2
48,1
48,0
42,6
42,5
42,4
42,3
42,2
42,1
42,0
40,3
40,2
40,1
40,0
39,4
39,3
39,2
39,1
39,0
20,3
20,2
20,1
19,3
19,2
19,1
18,3
18,1
14,3
14,1
13,3
13,1
12,3
12,2
12,1
11,30
11,29
11,28
11,27
11,26
11,25
11,24
11,23
11,22
11,21
11,20
11,19
11,18
11,17
11,16
11,15
11,14
11,13
11,12
11,11
11,10
11,9
11,8
11,7
11,6
11,5
11,4
11,3
11,2
11,1
10,314
10,312
10,311
10,309
10,308
10,307
10,306
10,301
10,299
10,297
10,295
10,294
10,292
10,262
